-- W-Memory content for UP/DOWN/STOP pattern
00000000000000000000000000000101
11111111111111111111111111111011
00000000000000000000000000000101
11111111111111111111111111111011
00000000000000000000000000000101
11111111111111111111111111111001
11111111111111111111111111111010
00000000000000000000000000000110
11111111111111111111111111111010
00000000000000000000000000000110
11111111111111111111111111111010
00000000000000000000000000000110
00000000000000000000000000000110
00000000000000000000000000000110
11111111111111111111111111111010
00000000000000000000000000000110
00000000000000000000000000000110
00000000000000000000000000000110
